1 0
2 1
3 1
4 4
5 5
6 11
7 12
8 22
9 22
10 36
11 36
12 53
13 52
14 76
15 71
16 100
17 95
18 128
19 120
20 162
21 148
22 197
23 181
24 233
25 211
26 273
27 241
28 310
29 275
30 348
31 305
32 389
33 335
34 426
35 368
36 463
37 396
38 505
39 424
40 541
41 456
42 577
43 481
44 615
45 503
46 642
47 526
48 663
49 538
50 687
51 547
52 702
53 562
54 713
55 567
56 728
57 566
58 730
59 571
60 724
61 563
62 727
63 550
64 714
65 549
66 699
67 535
68 695
69 517
70 676
71 511
72 652
73 488
74 640
75 464
76 612
77 455
78 582
79 430
80 564
81 404
82 531
83 391
84 496
85 364
86 478
87 338
88 445
89 328
90 413
91 303
92 396
93 277
94 362
95 266
96 327
97 240
98 311
99 215
100 281
101 207
102 251
103 184
104 238
105 159
106 210
107 153
108 181
109 133
110 173
111 113
112 148
113 112
114 126
115 94
116 122
117 77
118 102
119 77
120 85
121 62
122 83
123 51
124 68
125 53
126 56
127 41
128 55
129 32
130 44
131 33
132 33
133 25
134 35
135 19
136 27
137 21
138 20
139 15
140 23
141 10
142 15
143 13
144 10
145 9
146 13
147 5
148 9
149 7
150 6
151 4
152 7
153 1
154 4
155 4
156 1
157 2
158 4
159 0
160 2
161 2
162 0
163 0
164 2
165 0
166 0
167 1
168 0
169 0
170 1
